----S--------S'--------S''--------t--------t_i--------t_i+1---|
1.376995 -0.006702 -0.010053 1.000000 0.500000 3.000000
1.375721 -0.008217 -0.007774 1.170000 0.500000 3.000000
1.374223 -0.009345 -0.005496 1.340000 0.500000 3.000000
1.372566 -0.010086 -0.003217 1.510000 0.500000 3.000000
1.370816 -0.010439 -0.000938 1.680000 0.500000 3.000000
1.369038 -0.010405 0.001340 1.850000 0.500000 3.000000
1.367300 -0.009983 0.003619 2.020000 0.500000 3.000000
1.365666 -0.009174 0.005898 2.190000 0.500000 3.000000
1.364203 -0.007978 0.008177 2.360000 0.500000 3.000000
1.362975 -0.006394 0.010455 2.530000 0.500000 3.000000
1.362050 -0.004423 0.012734 2.700000 0.500000 3.000000
1.361493 -0.002065 0.015013 2.870000 0.500000 3.000000
1.361367 0.000513 0.012566 3.040000 3.000000 5.000000
1.361625 0.002460 0.010341 3.210000 3.000000 5.000000
1.362182 0.004029 0.008116 3.380000 3.000000 5.000000
1.362974 0.005220 0.005890 3.550000 3.000000 5.000000
1.363935 0.006032 0.003665 3.720000 3.000000 5.000000
1.365003 0.006466 0.001440 3.890000 3.000000 5.000000
1.366112 0.006521 -0.000785 4.060000 3.000000 5.000000
1.367199 0.006199 -0.003011 4.230000 3.000000 5.000000
1.368199 0.005498 -0.005236 4.400000 3.000000 5.000000
1.369047 0.004419 -0.007461 4.570000 3.000000 5.000000
1.369679 0.002961 -0.009687 4.740000 3.000000 5.000000
1.370032 0.001125 -0.011912 4.910000 3.000000 5.000000
1.370401 0.007707 0.087965 5.080000 5.000000 6.000000
1.372811 0.019635 0.052360 5.250000 5.000000 6.000000
1.376734 0.025510 0.016755 5.420000 5.000000 6.000000
1.381141 0.025332 -0.018850 5.590000 5.000000 6.000000
1.385003 0.019101 -0.054454 5.760000 5.000000 6.000000
1.387292 0.006817 -0.090059 5.930000 5.000000 6.000000
1.387473 -0.001244 -0.011781 6.100000 6.000000 8.000000
1.387103 -0.003057 -0.009556 6.270000 6.000000 8.000000
1.386455 -0.004492 -0.007330 6.440000 6.000000 8.000000
1.385597 -0.005549 -0.005105 6.610000 6.000000 8.000000
1.384590 -0.006228 -0.002880 6.780000 6.000000 8.000000
1.383500 -0.006529 -0.000654 6.950000 6.000000 8.000000
1.382392 -0.006451 0.001571 7.120000 6.000000 8.000000
1.381329 -0.005995 0.003796 7.290000 6.000000 8.000000
1.380375 -0.005160 0.006021 7.460000 6.000000 8.000000
1.379596 -0.003947 0.008247 7.630000 6.000000 8.000000
1.379054 -0.002356 0.010472 7.800000 6.000000 8.000000
1.378816 -0.000387 0.012697 7.970000 6.000000 8.000000
1.379043 0.003152 0.018850 8.140000 8.000000 9.000000
1.379808 0.005600 0.009948 8.310000 8.000000 9.000000
1.380861 0.006535 0.001047 8.480000 8.000000 9.000000
1.381944 0.005956 -0.007854 8.650000 8.000000 9.000000
1.382800 0.003864 -0.016755 8.820000 8.000000 9.000000
1.383172 0.000259 -0.025656 8.990000 8.000000 9.000000
1.383330 0.001900 0.010842 9.160000 9.000000 11.000000
1.383799 0.003556 0.008647 9.330000 9.000000 11.000000
1.384518 0.004840 0.006453 9.500000 9.000000 11.000000
1.385423 0.005751 0.004259 9.670000 9.000000 11.000000
1.386452 0.006288 0.002065 9.840000 9.000000 11.000000
1.387540 0.006453 -0.000129 10.010000 9.000000 11.000000
1.388625 0.006244 -0.002323 10.180000 9.000000 11.000000
1.389642 0.005663 -0.004517 10.350000 9.000000 11.000000
1.390529 0.004708 -0.006711 10.520000 9.000000 11.000000
1.391222 0.003381 -0.008906 10.690000 9.000000 11.000000
1.391657 0.001680 -0.011100 10.860000 9.000000 11.000000
1.391781 0.000199 0.006526 11.030000 11.000000 13.000000
1.391903 0.001211 0.005383 11.200000 11.000000 13.000000
1.392182 0.002029 0.004239 11.370000 11.000000 13.000000
1.392582 0.002652 0.003095 11.540000 11.000000 13.000000
1.393072 0.003081 0.001951 11.710000 11.000000 13.000000
1.393619 0.003316 0.000807 11.880000 11.000000 13.000000
1.394189 0.003356 -0.000336 12.050000 11.000000 13.000000
1.394749 0.003201 -0.001480 12.220000 11.000000 13.000000
1.395266 0.002852 -0.002624 12.390000 11.000000 13.000000
1.395708 0.002309 -0.003768 12.560000 11.000000 13.000000
1.396040 0.001571 -0.004912 12.730000 11.000000 13.000000
1.396231 0.000639 -0.006055 12.900000 11.000000 13.000000
1.396753 0.013635 0.180118 13.070000 13.000000 14.000000
1.401330 0.038202 0.108909 13.240000 13.000000 14.000000
1.409055 0.050663 0.037699 13.410000 13.000000 14.000000
1.417870 0.051019 -0.033510 13.580000 13.000000 14.000000
1.425716 0.039270 -0.104720 13.750000 13.000000 14.000000
1.430536 0.015415 -0.175929 13.920000 13.000000 14.000000
1.431067 -0.002250 -0.023824 14.090000 14.000000 16.000000
1.430362 -0.005922 -0.019373 14.260000 14.000000 16.000000
1.429097 -0.008837 -0.014923 14.430000 14.000000 16.000000
1.427400 -0.010996 -0.010472 14.600000 14.000000 16.000000
1.425401 -0.012398 -0.006021 14.770000 14.000000 16.000000
1.423228 -0.013043 -0.001571 14.940000 14.000000 16.000000
1.421009 -0.012932 0.002880 15.110000 14.000000 16.000000
1.418874 -0.012064 0.007330 15.280000 14.000000 16.000000
1.416950 -0.010439 0.011781 15.450000 14.000000 16.000000
1.415367 -0.008058 0.016232 15.620000 14.000000 16.000000
1.414254 -0.004921 0.020682 15.790000 14.000000 16.000000
1.413737 -0.001026 0.025133 15.960000 14.000000 16.000000
