----S--------S'--------S''--------t--------t_i--------t_i+1---|
1000.520000 1.920000 2.880000 1.000000 0.500000 3.000000
1000.884872 2.354112 2.227200 1.170000 0.500000 3.000000
1001.314109 2.677248 1.574400 1.340000 0.500000 3.000000
1001.788847 2.889408 0.921600 1.510000 0.500000 3.000000
1002.290220 2.990592 0.268800 1.680000 0.500000 3.000000
1002.799360 2.980800 -0.384000 1.850000 0.500000 3.000000
1003.297403 2.860032 -1.036800 2.020000 0.500000 3.000000
1003.765482 2.628288 -1.689600 2.190000 0.500000 3.000000
1004.184732 2.285568 -2.342400 2.360000 0.500000 3.000000
1004.536287 1.831872 -2.995200 2.530000 0.500000 3.000000
1004.801280 1.267200 -3.648000 2.700000 0.500000 3.000000
1004.960846 0.591552 -4.300800 2.870000 0.500000 3.000000
1005.003552 0.176400 4.320000 3.040000 3.000000 5.000000
1005.092279 0.845775 3.555000 3.210000 3.000000 5.000000
1005.283746 1.385100 2.790000 3.380000 3.000000 5.000000
1005.555844 1.794375 2.025000 3.550000 3.000000 5.000000
1005.886464 2.073600 1.260000 3.720000 3.000000 5.000000
1006.253498 2.222775 0.495000 3.890000 3.000000 5.000000
1006.634838 2.241900 -0.270000 4.060000 3.000000 5.000000
1007.008375 2.130975 -1.035000 4.230000 3.000000 5.000000
1007.352000 1.890000 -1.800000 4.400000 3.000000 5.000000
1007.643605 1.518975 -2.565000 4.570000 3.000000 5.000000
1007.861082 1.017900 -3.330000 4.740000 3.000000 5.000000
1007.982322 0.386775 -4.095000 4.910000 3.000000 5.000000
1008.054528 1.324800 15.120000 5.080000 5.000000 6.000000
1008.468750 3.375000 9.000000 5.250000 5.000000 6.000000
1009.143072 4.384800 2.880000 5.420000 5.000000 6.000000
1009.900626 4.354200 -3.240000 5.590000 5.000000 6.000000
1010.564544 3.283200 -9.360000 5.760000 5.000000 6.000000
1010.957958 1.171800 -15.480000 5.930000 5.000000 6.000000
1011.029000 0.570000 5.400000 6.100000 6.000000 8.000000
1011.199017 1.401300 4.380000 6.270000 6.000000 8.000000
1011.495616 2.059200 3.360000 6.440000 6.000000 8.000000
1011.889319 2.543700 2.340000 6.610000 6.000000 8.000000
1012.350648 2.854800 1.320000 6.780000 6.000000 8.000000
1012.850125 2.992500 0.300000 6.950000 6.000000 8.000000
1013.358272 2.956800 -0.720000 7.120000 6.000000 8.000000
1013.845611 2.747700 -1.740000 7.290000 6.000000 8.000000
1014.282664 2.365200 -2.760000 7.460000 6.000000 8.000000
1014.639953 1.809300 -3.780000 7.630000 6.000000 8.000000
1014.888000 1.080000 -4.800000 7.800000 6.000000 8.000000
1014.997327 0.177300 -5.820000 7.970000 6.000000 8.000000
1015.213248 2.889600 17.280000 8.140000 8.000000 9.000000
1015.914872 5.133600 9.120000 8.310000 8.000000 9.000000
1016.880064 5.990400 0.960000 8.480000 8.000000 9.000000
1017.873000 5.460000 -7.200000 8.650000 8.000000 9.000000
1018.657856 3.542400 -15.360000 8.820000 8.000000 9.000000
1018.998808 0.237600 -23.520000 8.990000 8.000000 9.000000
1019.090880 1.104000 6.300000 9.160000 9.000000 11.000000
1019.363454 2.066625 5.025000 9.330000 9.000000 11.000000
1019.781250 2.812500 3.750000 9.500000 9.000000 11.000000
1020.307421 3.341625 2.475000 9.670000 9.000000 11.000000
1020.905120 3.654000 1.200000 9.840000 9.000000 11.000000
1021.537499 3.749625 -0.075000 10.010000 9.000000 11.000000
1022.167710 3.628500 -1.350000 10.180000 9.000000 11.000000
1022.758906 3.290625 -2.625000 10.350000 9.000000 11.000000
1023.274240 2.736000 -3.900000 10.520000 9.000000 11.000000
1023.676864 1.964625 -5.175000 10.690000 9.000000 11.000000
1023.929930 0.976500 -6.450000 10.860000 9.000000 11.000000
1023.997327 -0.177300 -5.820000 11.030000 11.000000 13.000000
1023.888000 -1.080000 -4.800000 11.200000 11.000000 13.000000
1023.639953 -1.809300 -3.780000 11.370000 11.000000 13.000000
1023.282664 -2.365200 -2.760000 11.540000 11.000000 13.000000
1022.845611 -2.747700 -1.740000 11.710000 11.000000 13.000000
1022.358272 -2.956800 -0.720000 11.880000 11.000000 13.000000
1021.850125 -2.992500 0.300000 12.050000 11.000000 13.000000
1021.350648 -2.854800 1.320000 12.220000 11.000000 13.000000
1020.889319 -2.543700 2.340000 12.390000 11.000000 13.000000
1020.495616 -2.059200 3.360000 12.560000 11.000000 13.000000
1020.199017 -1.401300 4.380000 12.730000 11.000000 13.000000
1020.029000 -0.570000 5.400000 12.900000 11.000000 13.000000
1019.957958 -1.171800 -15.480000 13.070000 13.000000 14.000000
1019.564544 -3.283200 -9.360000 13.240000 13.000000 14.000000
1018.900626 -4.354200 -3.240000 13.410000 13.000000 14.000000
1018.143072 -4.384800 2.880000 13.580000 13.000000 14.000000
1017.468750 -3.375000 9.000000 13.750000 13.000000 14.000000
1017.054528 -1.324800 15.120000 13.920000 13.000000 14.000000
1016.976429 -0.515700 -5.460000 14.090000 14.000000 16.000000
1016.814776 -1.357200 -4.440000 14.260000 14.000000 16.000000
1016.524807 -2.025300 -3.420000 14.430000 14.000000 16.000000
1016.136000 -2.520000 -2.400000 14.600000 14.000000 16.000000
1015.677833 -2.841300 -1.380000 14.770000 14.000000 16.000000
1015.179784 -2.989200 -0.360000 14.940000 14.000000 16.000000
1014.671331 -2.963700 0.660000 15.110000 14.000000 16.000000
1014.181952 -2.764800 1.680000 15.280000 14.000000 16.000000
1013.741125 -2.392500 2.700000 15.450000 14.000000 16.000000
1013.378328 -1.846800 3.720000 15.620000 14.000000 16.000000
1013.123039 -1.127700 4.740000 15.790000 14.000000 16.000000
1013.004736 -0.235200 5.760000 15.960000 14.000000 16.000000
