----w_x--------w_y--------w_z----|
0.238013 0.017375 -0.112407
0.182483 0.022014 -0.100964
0.120485 0.020326 -0.071743
0.054820 0.013195 -0.031295
-0.009722 0.003366 0.012760
-0.068175 -0.005836 0.053152
-0.117293 -0.011862 0.084443
-0.156388 -0.013624 0.103592
-0.186982 -0.011366 0.109446
-0.211988 -0.006188 0.101699
-0.235113 0.000324 0.079823
-0.260846 0.006115 0.042085
0.264061 0.012719 0.010468
0.223053 0.014144 0.041922
0.186464 0.016596 0.056855
0.148956 0.017745 0.057912
0.106591 0.016112 0.046155
0.056771 0.011070 0.022849
-0.001205 0.003164 -0.009011
-0.065677 -0.005722 -0.043701
-0.133068 -0.012870 -0.072876
-0.199448 -0.016004 -0.086934
-0.262533 -0.014795 -0.076914
-0.323094 -0.011869 -0.035875
0.635545 0.097377 0.509335
0.692714 0.347717 1.028532
0.456660 0.327664 0.660189
-0.534502 -0.317106 -0.742520
-0.758252 -0.313665 -1.029916
-0.743937 -0.084172 -0.460222
0.420390 -0.017697 -0.062205
0.361735 0.002995 -0.126496
0.299813 0.024913 -0.147792
0.224347 0.037522 -0.130746
0.130822 0.035203 -0.079458
0.023506 0.019213 -0.003568
-0.083987 -0.001823 0.079110
-0.175852 -0.016689 0.147282
-0.243989 -0.018608 0.184192
-0.291182 -0.007992 0.180343
-0.328170 0.009093 0.129960
-0.371449 0.022141 0.025248
2.685924 0.390464 0.946403
6.100025 2.537728 3.443388
-4.21334 -1.38943 -1.822873
-3.863525 -1.305720 -2.075166
-2.366574 -0.325767 -0.809207
-2.740873 -0.107441 -0.056520
0.206867 0.008947 0.125414
0.188768 0.026794 0.196012
0.165691 0.040522 0.211566
0.126975 0.041307 0.176454
0.068315 0.025584 0.097987
-0.004387 -0.001759 -0.006320
-0.076105 -0.028286 -0.108888
-0.132508 -0.042130 -0.182918
-0.169011 -0.039496 -0.212310
-0.190871 -0.024737 -0.190530
-0.209314 -0.007146 -0.113004
-0.829242 -0.012432 0.008029
-0.706588 -0.011173 0.042039
-0.597397 -0.011805 0.061393
-0.484930 -0.011755 0.068301
-0.356248 -0.009074 0.062755
-0.202464 -0.002537 0.044648
-0.022091 0.007380 0.015953
0.176241 0.017734 -0.017671
0.376984 0.024175 -0.047437
0.566500 0.023834 -0.064135
0.740076 0.017764 -0.060458
0.903178 0.011507 -0.031129
0.433913 -0.002767 0.566577
0.044719 -0.226688 1.066143
-0.048920 -0.135273 0.399627
0.106619 0.190418 -0.695732
-0.039551 0.149083 -0.913739
-0.287712 -0.014134 -0.454339
0.222677 -0.026098 -0.058998
0.180084 -0.030679 -0.131142
0.141882 -0.036586 -0.163044
0.107158 -0.039205 -0.159321
0.074675 -0.034754 -0.120362
0.042111 -0.021359 -0.048236
0.004921 -0.001078 0.047114
-0.043408 0.019607 0.144790
-0.108324 0.033015 0.216985
-0.190036 0.035279 0.237277
-0.281307 0.028974 0.185542
-0.367634 0.022843 0.046869
