----S--------S'--------S''--------t--------t_i--------t_i+1---|
1.394448 -0.006702 -0.010053 1.000000 0.500000 3.000000
1.393175 -0.008217 -0.007774 1.170000 0.500000 3.000000
1.391676 -0.009345 -0.005496 1.340000 0.500000 3.000000
1.390019 -0.010086 -0.003217 1.510000 0.500000 3.000000
1.388269 -0.010439 -0.000938 1.680000 0.500000 3.000000
1.386492 -0.010405 0.001340 1.850000 0.500000 3.000000
1.384753 -0.009983 0.003619 2.020000 0.500000 3.000000
1.383119 -0.009174 0.005898 2.190000 0.500000 3.000000
1.381656 -0.007978 0.008177 2.360000 0.500000 3.000000
1.380429 -0.006394 0.010455 2.530000 0.500000 3.000000
1.379504 -0.004423 0.012734 2.700000 0.500000 3.000000
1.378947 -0.002065 0.015013 2.870000 0.500000 3.000000
1.378820 0.000513 0.012566 3.040000 3.000000 5.000000
1.379079 0.002460 0.010341 3.210000 3.000000 5.000000
1.379635 0.004029 0.008116 3.380000 3.000000 5.000000
1.380427 0.005220 0.005890 3.550000 3.000000 5.000000
1.381389 0.006032 0.003665 3.720000 3.000000 5.000000
1.382456 0.006466 0.001440 3.890000 3.000000 5.000000
1.383566 0.006521 -0.000785 4.060000 3.000000 5.000000
1.384652 0.006199 -0.003011 4.230000 3.000000 5.000000
1.385652 0.005498 -0.005236 4.400000 3.000000 5.000000
1.386500 0.004419 -0.007461 4.570000 3.000000 5.000000
1.387133 0.002961 -0.009687 4.740000 3.000000 5.000000
1.387485 0.001125 -0.011912 4.910000 3.000000 5.000000
1.387695 0.003854 0.043982 5.080000 5.000000 6.000000
1.388900 0.009817 0.026180 5.250000 5.000000 6.000000
1.390862 0.012755 0.008378 5.420000 5.000000 6.000000
1.393065 0.012666 -0.009425 5.590000 5.000000 6.000000
1.394997 0.009550 -0.027227 5.760000 5.000000 6.000000
1.396141 0.003409 -0.045029 5.930000 5.000000 6.000000
1.396200 -0.001244 -0.011781 6.100000 6.000000 8.000000
1.395829 -0.003057 -0.009556 6.270000 6.000000 8.000000
1.395182 -0.004492 -0.007330 6.440000 6.000000 8.000000
1.394323 -0.005549 -0.005105 6.610000 6.000000 8.000000
1.393317 -0.006228 -0.002880 6.780000 6.000000 8.000000
1.392227 -0.006529 -0.000654 6.950000 6.000000 8.000000
1.391118 -0.006451 0.001571 7.120000 6.000000 8.000000
1.390055 -0.005995 0.003796 7.290000 6.000000 8.000000
1.389102 -0.005160 0.006021 7.460000 6.000000 8.000000
1.388322 -0.003947 0.008247 7.630000 6.000000 8.000000
1.387781 -0.002356 0.010472 7.800000 6.000000 8.000000
1.387543 -0.000387 0.012697 7.970000 6.000000 8.000000
1.388002 0.006304 0.037699 8.140000 8.000000 9.000000
1.389533 0.011200 0.019897 8.310000 8.000000 9.000000
1.391638 0.013069 0.002094 8.480000 8.000000 9.000000
1.393805 0.011912 -0.015708 8.650000 8.000000 9.000000
1.395517 0.007728 -0.033510 8.820000 8.000000 9.000000
1.396261 0.000518 -0.051313 8.990000 8.000000 9.000000
1.396331 0.000817 0.004664 9.160000 9.000000 11.000000
1.396532 0.001530 0.003720 9.330000 9.000000 11.000000
1.396842 0.002082 0.002776 9.500000 9.000000 11.000000
1.397231 0.002474 0.001832 9.670000 9.000000 11.000000
1.397674 0.002705 0.000888 9.840000 9.000000 11.000000
1.398142 0.002776 -0.000056 10.010000 9.000000 11.000000
1.398609 0.002686 -0.000999 10.180000 9.000000 11.000000
1.399046 0.002436 -0.001943 10.350000 9.000000 11.000000
1.399428 0.002026 -0.002887 10.520000 9.000000 11.000000
1.399726 0.001455 -0.003831 10.690000 9.000000 11.000000
1.399913 0.000723 -0.004775 10.860000 9.000000 11.000000
1.399974 0.000610 0.020008 11.030000 11.000000 13.000000
1.400350 0.003713 0.016502 11.200000 11.000000 13.000000
1.401203 0.006220 0.012995 11.370000 11.000000 13.000000
1.402431 0.008131 0.009488 11.540000 11.000000 13.000000
1.403934 0.009446 0.005982 11.710000 11.000000 13.000000
1.405609 0.010165 0.002475 11.880000 11.000000 13.000000
1.407356 0.010288 -0.001031 12.050000 11.000000 13.000000
1.409073 0.009814 -0.004538 12.220000 11.000000 13.000000
1.410659 0.008745 -0.008045 12.390000 11.000000 13.000000
1.412013 0.007079 -0.011551 12.560000 11.000000 13.000000
1.413033 0.004817 -0.015058 12.730000 11.000000 13.000000
1.413617 0.001960 -0.018564 12.900000 11.000000 13.000000
1.413472 -0.006817 -0.090059 13.070000 13.000000 14.000000
1.411183 -0.019101 -0.054454 13.240000 13.000000 14.000000
1.407321 -0.025332 -0.018850 13.410000 13.000000 14.000000
1.402914 -0.025510 0.016755 13.580000 13.000000 14.000000
1.398990 -0.019635 0.052360 13.750000 13.000000 14.000000
1.396581 -0.007707 0.087965 13.920000 13.000000 14.000000
1.396366 0.002250 0.023824 14.090000 14.000000 16.000000
1.397072 0.005922 0.019373 14.260000 14.000000 16.000000
1.398337 0.008837 0.014923 14.430000 14.000000 16.000000
1.400033 0.010996 0.010472 14.600000 14.000000 16.000000
1.402032 0.012398 0.006021 14.770000 14.000000 16.000000
1.404206 0.013043 0.001571 14.940000 14.000000 16.000000
1.406424 0.012932 -0.002880 15.110000 14.000000 16.000000
1.408559 0.012064 -0.007330 15.280000 14.000000 16.000000
1.410483 0.010439 -0.011781 15.450000 14.000000 16.000000
1.412066 0.008058 -0.016232 15.620000 14.000000 16.000000
1.413180 0.004921 -0.020682 15.790000 14.000000 16.000000
1.413696 0.001026 -0.025133 15.960000 14.000000 16.000000
