----a_x--------a_y--------a_z----|
-1.968875 4.697124 11.992683
-2.500805 5.122623 10.952567
-2.949120 5.099154 9.935354
-3.301013 4.727493 8.998626
-3.537402 4.110727 8.190089
-3.637100 3.347984 7.537301
-3.583006 2.528378 7.040057
-3.365581 1.728022 6.671211
-2.981816 1.011041 6.384643
-2.431415 0.433218 6.124121
-1.712387 0.046652 5.827983
-0.816652 -0.095138 5.427548
0.411967 -0.156008 14.109041
1.826701 -0.765742 13.129949
2.755088 -1.297927 12.023837
3.264565 -1.754273 10.932353
3.411511 -2.130075 9.948436
3.251559 -2.412042 9.123795
2.847586 -2.577150 8.466784
2.274293 -2.593753 7.940958
1.617691 -2.426181 7.474142
0.970222 -2.042222 6.981557
0.425307 -1.420545 6.396718
0.074875 -0.555044 5.700042
8.246931 -0.991637 23.192241
15.168887 -2.739601 9.658297
10.928190 -4.899955 2.605908
-0.589870 -8.453277 7.094249
-6.809948 -7.221474 4.491127
-4.424892 -2.644091 -4.837749
-0.394239 2.064607 15.161383
-1.059603 4.556236 13.921168
-1.693359 5.931513 12.535141
-2.283397 6.371719 11.067749
-2.815518 6.058071 9.599696
-3.250994 5.185763 8.237353
-3.518277 3.969973 7.095695
-3.534464 2.632400 6.242003
-3.239187 1.378740 5.646452
-2.605461 0.391488 5.189075
-1.624147 -0.158339 4.698657
-0.279024 -0.091671 3.970919
14.710589 -4.341342 16.514369
27.144426 -2.800815 -31.890842
-20.12348 -3.840134 -15.924098
-12.944146 -14.110930 24.660712
-9.763379 -7.586030 2.430968
-0.937241 -0.494860 -13.674053
3.036911 -1.115256 15.657571
5.011124 -2.157284 13.428411
5.890423 -3.040855 11.250394
5.851012 -3.773684 9.482922
5.082652 -4.352261 8.292554
3.822270 -4.734029 7.620879
2.353304 -4.837932 7.207134
0.955618 -4.585874 6.726838
-0.140376 -3.940700 5.952493
-0.748466 -2.901849 4.821932
-0.691487 -1.476246 3.438107
0.077615 0.328726 3.984010
0.333324 2.005922 5.119707
0.323606 3.380894 6.232085
0.105793 4.464524 7.170894
-0.272613 5.253456 7.877680
-0.759566 5.734701 8.385168
-1.285348 5.890277 8.825563
-1.754817 5.701284 9.408771
-2.052683 5.149657 10.339918
-2.059884 4.218558 11.703904
-1.667842 2.895717 13.386156
-0.783395 1.181825 15.049742
4.236960 2.418948 -5.022298
5.344059 5.952518 2.932133
-2.399801 5.205028 4.848729
-12.182668 1.570977 4.851815
-15.079261 0.060942 12.360977
-7.922274 -0.168561 23.721063
0.881687 0.372486 4.290845
2.311495 0.628057 5.014392
3.453401 0.414688 5.587631
4.309144 -0.158665 6.128764
4.866594 -0.993027 6.746659
5.113901 -1.973417 7.535972
5.052468 -2.945462 8.556698
4.698581 -3.709904 9.813297
4.066929 -4.047761 11.252884
3.152263 -3.757132 12.779774
1.933321 -2.668660 14.265490
0.401709 -0.633540 15.548224
